27,3
31,52
31,51
31,50
31,49
31,48
31,47
31,46
31,45
31,44
31,43
31,42
31,41
31,40
31,39
31,38
31,37
31,36
31,35
29,5
27,1
27,4
28,4
29,1
29,3
25,1
25,3
28,1
28,3
3,2
3,1
3,3
10,259
10,291
10,243
10,85
10,227
10,303
10,1
10,219
10,2
10,3
11,15
11,17
11,25
11,13
11,29
11,23
11,1
11,21
11,2
11,3
9,5
9,1
9,7
9,2
9,3
8,8
8,11
8,4
8,18
8,1
8,16
8,2
8,3
12,2
12,1
12,3
20,2
20,1
20,3
19,2
19,1
19,3
18,1
18,3
14,1
14,3
13,1
13,3
30,3
2,2
30,2
2,1
30,1
30,0
26,4
26,3
26,2
2,3
26,1
26,0
0,472
0,278
0,0
31,34
31,33
31,32
31,31
